2048
325
-20.3258
28.887
-8.97888
18.1111
23.2923
24.1263
33.5677
-10.445
8.68744
-63.4784
7.75149
-62.3823
32.3737
-46.2616
27.3523
-45.1068
13.3414
-30.2326
26.6481
6.48095
14.9933
8.81919
-45.3969
13.7163
-67.6776
56.7349
-33.6863
79.1747
-25.0371
31.1905
-41.693
6.30885
-11.5497
24.047
25.5196
0.227464
16.3396
-67.9201
20.1682
-72.3306
68.9435
-38.8723
73.7564
-36.7889
30.3672
-32.8844
13.6413
15.5429
-1.00182
33.251
-71.8675
26.2545
-106.208
60.7658
-50.9946
92.5413
-4.56804
36.0442
-10.2417
-15.2887
23.412
3.41444
68.5119
-3.257
41.9853
-72.5073
3.83293
-77.235
36.7469
-20.9254
47.0644
-11.2021
-0.61607
-26.1422
-13.973
12.9651
5.43464
33.2177
-44.448
8.42511
-91.7421
28.0573
-48.9197
74.2054
-3.88351
32.0782
-29.2574
-27.2805
-13.0893
-2.53898
46.7767
11.0357
42.4785
-60.4667
7.78282
-82.9781
53.5155
-21.5791
84.575
-4.48922
27.6339
-29.3565
-15.8099
10.4353
-3.17468
54.8606
-50.436
36.9761
-109.44
47.0068
-65.0923
95.0195
10.1365
52.7011
2.65942
-36.7655
13.6672
-35.3642
72.7585
-15.2677
63.2305
-78.6229
-4.2771
-103.664
13.6176
-22.2773
48.8996
21.8225
-0.355974
-4.15551
-43.9618
19.2579
-8.67381
61.9148
-22.7877
32.078
-81.1683
16.4056
-55.9199
59.8664
14.364
38.1204
-0.386948
-45.4123
-11.0557
-41.2531
46.1831
0.904947
59.3092
-46.2373
2.80114
-88.1813
21.5924
-21.2237
71.9641
23.5149
27.5209
-11.8772
-41.6309
-3.98534
-26.3492
53.0193
-34.4601
46.4548
-93.3481
34.4511
-74.4263
78.7454
15.9554
69.085
32.6948
-26.6691
25.8471
-54.5127
75.5083
-23.4369
87.1165
-60.791
11.7922
-105.626
-6.69812
-34.7454
30.7403
36.7366
-4.61333
17.6737
-72.1737
10.6134
-49.7325
56.3976
-24.482
44.567
-63.5066
9.95519
-58.6882
32.4545
17.8896
35.5609
35.0821
-40.9331
12.4141
-64.2052
44.8291
-17.5926
68.5101
-25.0854
15.3904
-68.8827
-0.308814
-19.4331
46.0473
44.9928
28.6462
24.0647
-45.2172
-2.5669
-49.3403
37.8278
-28.0874
48.2414
-63.526
26.8305
-72.575
43.7558
-1.29234
53.1026
41.7421
-20.5744
34.2566
-70.8821
59.3337
-49.4005
82.355
-48.6138
32.4488
-82.4166
-7.69463
-34.0499
14.9936
49.2774
1.82107
57.8079
-64.4412
27.9336
-73.6054
46.5521
-34.1739
48.8455
-39.3843
13.6838
-47.7929
2.02359
4.6556
8.58647
49.1365
-38.6894
38.9673
-75.332
40.8957
-47.8111
54.5318
-21.2535
23.0397
-39.7685
-12.2416
-14.6808
7.10828
45.8786
10.3429
53.6119
-39.621
14.3872
-62.5096
19.4202
-30.2097
41.2086
-22.5257
36.7567
-33.6197
29.6589
-1.60473
34.5851
49.7205
-4.85743
56.9575
-60.1812
51.2713
-72.3365
52.3925
-57.135
29.817
-61.9182
-11.2202
-36.5366
-16.8693
31.6612
-18.6512
72.7771
-54.5205
50.9822
-81.9095
35.2721
-50.035
40.0124
-16.5254
27.0674
-12.0834
-5.55275
3.4274
-19.93
50.5483
-36.6963
69.0377
-62.9658
53.2344
-64.3009
35.1797
-28.5336
23.2505
-4.31929
-5.22048
9.74134
-20.175
41.6383
-21.4461
66.4002
-37.3004
36.9665
-66.9341
-1.59411
-50.5315
4.02542
-9.44352
24.7871
4.62586
14.6938
1.1684
1.09958
38.6614
-3.71906
75.0385
-29.4743
64.0487
-64.7035
30.9423
-58.2566
24.0238
-26.8826
6.41417
-8.32513
-25.0141
20.5841
-42.7369
68.0124
-48.0507
71.3533
-74.4772
26.3864
-69.5592
9.5562
-16.9784
21.3755
20.5915
-4.89667
10.5074
-48.7467
33.1794
-50.9354
78.6731
-47.2393
69.4896
-66.0178
14.2926
-48.2809
2.73002
14.9455
2.80369
44.6847
-27.8497
45.7118
-50.1694
68.7042
-34.5651
69.9854
-42.8578
9.03474
-47.9623
-22.6125
1.01678
8.70222
48.3425
12.4586
23.4791
-28.2825
16.9325
-27.5446
62.756
-15.6883
64.4754
-53.2018
0.464959
-72.3896
-12.6492
-14.9621
8.82284
24.5564
-18.6853
22.1072
-58.9498
51.7256
-44.9378
86.4658
-45.704
37.7276
-64.2136
-13.2579
-20.6975
5.1183
48.5353
5.68897
36.652
-56.2581
19.9212
-66.3663
71.2998
-31.7077
86.6374
-45.0714
9.16249
-59.6595
-26.9866
13.8989
-2.82521
70.4798
-28.3964
49.6406
-80.4787
44.5499
-59.5892
71.088
-31.1281
19.6075
-40.3616
-45.184
0.66789
-19.5817
80.3803
16.1912
69.3953
-27.4146
21.5709
-38.2706
52.0435
1.73868
72.0993
-16.584
-6.06452
-65.2056
-50.3738
-15.0624
-7.82725
47.637
-11.3156
30.2005
-68.4168
22.1695
-59.2553
70.808
-26.539
44.7942
-46.0991
-29.486
-26.946
-26.5223
54.1605
3.71573
62.1708
-49.9593
13.8571
-78.7421
45.236
-29.2499
86.1303
-15.7962
18.5466
-48.0678
-44.1836
11.5338
-9.89265
94.4791
-8.58864
76.9723
-74.2044
35.6998
-75.569
60.0085
-23.6522
31.4991
-23.0332
-54.2939
-4.51842
-61.2021
77.251
-8.34377
94.116
-30.9443
26.4619
-54.0659
24.6478
-4.00683
56.9923
14.1861
-3.26898
-36.4266
-71.9096
-10.4714
-30.347
64.6032
0.0645586
54.5589
-50.7537
10.4336
-63.6498
42.493
-14.0034
45.8392
-14.0398
-27.0177
-15.8129
-51.3767
49.4828
-9.7078
80.2378
-32.6226
22.9942
-73.3116
16.5248
-36.1872
58.1182
-1.12011
17.9436
-31.2323
-59.5996
-3.10692
-38.8374
83.5971
-8.96276
89.3543
-56.5221
32.7897
-80.6146
38.0462
-22.7002
39.3334
7.15229
-32.43
18.6815
-71.1037
78.6994
-28.284
114.448
-21.4635
50.7194
-47.7517
8.3605
-15.3772
22.7002
23.1524
-11.5341
-6.33412
-84.566
-6.48185
-64.2413
57.4028
-10.8554
65.6511
-28.9454
9.19014
-57.4692
5.44323
-16.1641
24.5966
9.75918
-21.4672
7.04031
-63.6964
40.562
-34.9895
78.9513
-19.2767
40.5942
-43.8599
7.66137
-26.7612
28.0095
13.7069
19.0678
6.69261
-45.1883
8.39791
-51.2554
66.5712
-17.5517
85.4435
-35.3759
31.7975
-74.7006
2.8998
-42.4936
11.404
8.01696
-24.7062
34.475
-71.5988
69.7735
-56.2524
107.496
-22.2253
73.5837
-23.6333
14.9279
-9.97345
-5.77129
24.6567
-22.8592
28.1
-74.0762
18.8087
-78.7959
49.9221
-29.8126
64.3011
-8.00811
20.445
-29.7712
-17.8337
-15.7419
-8.75621
21.6258
-19.9626
36.59
-57.6656
39.3528
-61.6526
54.7079
-29.1913
38.4799
-19.8483
-0.839646
-16.8367
-16.0664
5.07946
-10.5184
26.6342
-32.0143
31.0831
-46.4408
54.4696
-24.2354
72.5677
-7.32255
45.4682
-31.9724
-3.37369
-36.7683
-12.798
6.9189
-17.2563
53.9691
-49.123
70.3533
-72.0397
80.3113
-41.0153
70.8348
-8.00347
22.6628
0.485532
-32.9216
9.60785
-54.4841
37.902
-66.6248
46.4299
-76.9211
45.0175
-52.933
43.7286
-5.39634
24.4417
4.67865
-26.0539
-6.10564
-44.5459
20.619
-29.5832
62.554
-33.6254
60.4727
-60.449
39.6883
-36.2847
34.2652
11.1183
10.4642
19.1965
-36.9632
4.02155
-50.1235
28.1624
-32.5343
48.7638
-37.233
39.3363
-41.4918
29.5665
-11.0691
28.8339
2.11059
-10.1976
-22.434
-41.0901
-4.28273
-24.8463
62.0549
-15.1086
86.0903
-54.5398
62.5102
-50.743
57.8434
7.22998
37.3769
29.2815
-35.1832
5.49094
-83.6212
30.8143
-64.5832
69.8268
-55.997
54.181
-60.127
20.0794
-15.6564
14.885
33.2803
-23.6156
14.4865
-73.2637
8.04486
-60.2509
58.4268
-25.6573
71.9032
-52.9287
20.0181
-54.9218
5.84616
17.6281
11.2791
57.6425
-37.0103
21.4545
-76.7602
29.0735
-32.875
73.5673
-3.98458
54.759
-26.6145
3.45028
-12.6001
3.21758
31.9557
-12.3111
7.00261
-60.3761
-15.9531
-49.9816
42.551
-1.07187
87.325
-27.0695
44.6046
-56.725
25.0354
3.67079
33.0559
52.3517
-26.3765
12.1097
-102.774
10.1061
-75.4295
71.6335
-33.3171
67.5529
-47.6396
4.82437
-27.1952
-5.12235
50.1614
-13.3428
52.0714
-70.664
16.5194
-75.9778
51.2027
-16.8725
85.5532
-22.6919
21.2193
-55.5361
-23.6846
6.39588
-8.31822
73.8519
-40.0305
35.7856
-103.222
10.4755
-60.8739
64.478
8.09134
62.7653
-4.25082
-12.3183
-12.8876
-30.3063
48.2605
-15.9929
49.3485
-54.9041
-0.79418
-59.9026
24.4245
6.68661
81.8177
13.6961
42.043
-37.1473
-2.32176
-1.6441
14.0889
64.007
-14.0161
31.1044
-99.0667
-5.53787
-86.9958
52.3524
-19.8856
71.059
-24.2757
-2.6714
-36.3574
-39.1816
36.3059
-27.1792
68.4212
-67.2222
24.3611
-88.5778
28.9001
-25.9561
76.3378
6.3852
33.4604
-29.4366
-30.3625
6.7767
-21.7178
86.4964
-27.6355
69.4529
-92.2181
14.9038
-75.1056
47.918
9.16043
61.8484
20.1338
-16.7376
-8.44452
-68.0778
38.4516
-44.5513
68.584
-54.2705
19.4261
-63.3982
4.92218
-1.54724
53.792
41.048
36.7966
-2.16041
-19.2323
-0.951911
-15.6127
57.0828
-14.5228
47.4213
-77.8088
-6.4255
-84.2204
26.554
-10.8928
65.1965
11.6551
11.2659
-14.0735
-49.2319
27.5798
-40.2461
76.6263
-53.0696
43.7794
-78.5667
12.7212
-40.668
39.8571
10.2057
24.2631
-8.49348
-38.5176
-0.390464
-50.1279
65.3585
-38.9114
80.4401
-73.5576
28.5163
-72.3501
32.1191
5.51777
52.8425
45.5471
-2.1783
20.8326
-75.7422
35.6833
-70.6358
74.953
-52.7385
47.6183
-47.6172
5.04631
-4.95591
18.4602
52.0163
22.2681
38.404
-21.7659
16.6768
-39.85
40.2595
-32.6289
45.4554
-58.0674
-2.84439
-71.7259
-6.4309
-18.2216
27.037
23.2
8.56506
9.68065
-51.7206
17.0906
-60.2731
63.2871
-45.3012
62.2095
-44.3782
23.2507
-27.3215
14.2739
17.8796
16.0833
26.4315
-22.3553
19.5757
-55.1411
43.8092
-56.7621
67.6569
-59.1701
38.6149
-58.2553
14.7378
-8.52663
18.9563
42.3249
-4.12761
43.9261
-69.7388
34.3339
-94.3373
59.4392
-64.9842
61.3535
-27.9474
19.9465
3.24853
-11.7382
48.0513
-6.99677
67.569
-18.776
50.1296
-44.0857
33.5148
-50.7339
34.3412
-37.5926
13.7496
-30.9655
-11.7946
-5.14213
-8.11324
29.6866
-1.97063
37.2044
-40.1773
17.7938
-76.2739
29.1526
-61.575
46.919
-26.6986
24.6608
-13.14
-18.4115
7.12958
-19.2972
38.8804
-14.4966
46.6744
-39.6043
35.4305
-64.0968
44.771
-43.7672
50.4865
-19.3483
21.7809
1.34594
-6.52798
33.0064
-14.3768
60.6254
-48.1167
45.7764
-96.1017
39.0611
-81.4307
55.3672
-14.4558
40.0372
24.8205
-24.0235
40.4984
-45.7584
72.2157
-28.6738
76.1679
-41.8707
29.2506
-74.4209
-0.533591
-45.9835
6.37391
0.709972
-12.0206
16.2304
-39.0892
29.1584
-24.5598
59.0517
-16.6333
44.0568
-57.4688
16.6293
-62.0566
30.301
-4.60781
35.7089
23.7236
-26.1194
8.84462
-58.141
32.6963
-26.256
60.3116
-23.5505
29.4251
-68.6864
3.00252
-49.9739
32.533
9.13887
27.4361
22.3727
-24.4481
19.404
-38.3027
56.339
-30.3364
58.5857
-75.7469
24.2172
-90.0846
32.7208
-12.8522
51.949
53.1507
-11.6333
48.5247
-68.1168
70.2232
-38.3143
100.202
-20.5901
49.7733
-68.4728
-21.491
-55.4801
-11.6411
22.0585
-9.65698
43.0736
-60.5854
21.2062
-67.8163
46.363
-22.5968
51.7376
-40.8445
2.11592
-65.2166
-4.62146
-3.2303
28.6247
58.2541
-16.1703
31.907
-76.3859
30.7983
-39.2686
70.7301
1.60775
43.4232
-44.0016
-21.2889
-49.3969
2.64936
28.8177
29.2754
54.1201
-25.0544
18.1343
-61.1448
36.0639
-25.8991
60.3498
-43.1214
17.6911
-81.7692
1.85948
-24.4173
38.2154
63.0376
-0.0446842
55.9893
-82.299
51.0497
-64.9886
91.0514
-15.3307
62.9816
-49.3362
-29.1811
-58.2002
-32.7528
34.2821
-2.46106
82.6537
-47.2949
43.142
-83.6545
39.559
-28.9465
58.2281
-12.8182
5.18432
-48.7111
-34.2482
-12.1343
-2.05581
66.784
-16.2044
51.5474
-87.082
22.2144
-66.1708
54.5659
3.9331
46.4817
-13.1612
-32.4142
-39.6212
-33.3003
33.7705
15.4615
80.3993
-16.077
32.9807
-69.5472
13.9332
-32.188
46.3527
-8.98768
20.1299
-45.2502
-11.9552
-20.8346
20.5585
67.9755
18.0368
77.5741
-63.3665
47.9816
-76.2825
68.5122
-21.7587
58.8462
-30.0811
-32.4372
-58.5581
-64.791
16.4642
-25.537
88.4464
-42.9344
59.6567
-90.3306
26.428
-47.3551
45.2946
6.15279
14.5302
-10.525
-37.1748
-1.78445
-25.7144
68.7417
-14.1241
77.6576
-70.5366
33.8973
-74.8577
36.1561
-5.58084
36.7818
14.8782
-30.3501
-13.7269
-58.7314
33.0015
-12.6094
88.9206
-12.0204
53.5175
-62.6787
-1.47549
-46.2136
9.71642
1.85703
4.44369
-9.355
-25.0358
-12.828
-11.1873
49.6586
11.9665
82.5035
-35.2283
55.2347
-63.6757
49.6647
-24.0463
47.6125
-1.97198
-14.284
-24.7633
-63.6277
15.0084
-41.0734
83.559
-35.9585
76.891
-75.9854
21.9432
-64.4942
12.3342
-2.13133
0.394587
14.9166
-38.65
11.1543
-51.3258
50.113
-32.7876
79.8305
-52.9227
50.3593
-65.1788
23.1381
-19.8544
12.2027
27.0968
-26.732
22.5779
-63.3193
40.5438
-39.5566
83.4136
-15.9335
73.6207
-36.5462
9.09797
-39.0633
-17.5155
9.40894
-13.962
32.4223
-21.5346
21.3859
-26.7827
33.6334
-9.21105
64.3247
-18.7832
53.1754
-44.7531
23.0378
-38.1165
3.18517
-5.87545
-21.5979
1.7605
-56.0533
18.2869
-53.5208
63.8203
-35.8772
84.1967
-42.6737
39.7383
-50.1703
-4.6719
-6.79527
-16.3053
38.126
-27.4487
43.0433
-52.2774
38.5543
-53.3542
61.8625
-42.0498
61.3843
-39.7696
22.1901
-26.0284
-19.0106
18.9473
-35.8141
50.6868
-55.6592
54.7291
-59.7858
61.9047
-40.669
65.1376
-23.8468
18.2113
-27.5529
-42.7789
1.81519
-50.2915
52.3982
-23.6813
66.0674
-20.4835
40.0808
-19.9244
46.6907
0.490036
59.3588
1.91331
25.488
-20.5004
-29.5518
-11.3544
-39.9662
22.368
-42.9161
29.9985
-57.2371
32.5587
-53.6593
55.8994
-27.9997
43.8135
-29.5893
-19.1735
-16.7559
-47.7713
37.6455
-28.6502
71.4947
-36.8666
40.1088
-63.5458
32.3749
-40.8438
57.0089
-8.4453
32.5449
-12.0765
-38.1039
6.01963
-51.7886
67.3295
-35.7967
84.507
-48.6457
56.1989
-53.9341
49.019
-13.8366
32.0242
0.0406853
-45.1268
0.513915
-87.5519
47.1389
-47.4653
89.6265
-19.6085
46.5133
-36.9954
10.2425
-10.0484
34.6694
30.9303
24.3373
9.21919
-50.7253
-13.6383
-65.016
34.7048
-25.5321
58.5572
-30.4232
26.3378
-51.7877
24.4729
-15.5016
42.7559
5.067
-15.0707
-9.49365
-71.6679
25.4261
-43.6313
83.4683
-18.0123
51.4637
-56.7619
2.90983
-46.5377
30.0146
10.5202
35.3418
10.3877
-46.9707
-9.56116
-80.4293
52.5412
-34.7806
96.1642
-31.6199
51.9118
-61.044
18.8261
-19.782
30.455
28.0144
-26.1321
21.2844
-94.7672
48.3502
-62.488
110.277
-3.79707
77.4387
-23.3003
-2.40821
-15.522
1.96279
43.9069
13.4329
38.907
-63.5992
-15.1733
-101.577
18.807
-36.7257
64.8017
-8.94277
23.7715
-41.9449
-13.1555
-16.4359
19.3871
31.2138
-6.84988
13.089
-77.1261
16.3652
-62.5491
77.0793
-5.47476
65.7735
-29.8358
-9.20125
-39.9021
-1.922
23.0019
31.5607
43.7452
-31.4729
0.903955
-87.5805
36.2886
-35.579
96.6
-6.03678
56.3644
-48.3629
-10.4687
-36.6706
-0.0254622
27.1347
-22.8957
30.9473
-96.8224
35.5283
-88.9426
95.8116
-9.94445
94.1241
-2.31841
3.0973
-7.66181
-22.7669
50.7983
0.984261
72.7107
-51.5312
11.772
-109.201
11.831
-49.1327
61.856
10.8791
30.763
-13.78
-36.0667
-15.4573
-18.829
39.2361
-9.87191
36.9889
-67.8523
16.3642
-76.8281
53.26
-11.7601
62.0836
-4.32777
-14.348
-25.9614
-39.0784
17.4935
-0.702989
54.2883
-24.503
15.8674
-82.1609
18.8875
-41.0144
78.8161
16.064
64.6319
-7.69898
-11.2027
-25.9436
-20.8989
27.8122
-14.8266
49.9429
-69.1144
41.7739
-90.8346
72.4117
-27.358
86.4279
8.36671
8.79823
1.64441
-47.1219
37.486
-35.6942
72.9907
-52.9742
34.1365
-103.411
8.47557
-63.5123
42.9557
14.5599
31.7116
21.456
-38.4331
1.12413
-52.5162
36.7736
-25.2346
54.0209
-47.5262
32.9521
-67.4019
35.8121
-19.4512
48.3304
20.7991
-4.47414
11.9994
-49.8087
25.4886
-33.6686
53.3337
-25.9194
32.2014
-63.3321
8.50508
-47.3262
37.6307
9.92425
40.3493
17.1492
-18.2502
-12.9991
-49.9269
9.9953
-30.5397
47.471
-40.2607
55.2391
-62.7468
60.4773
-31.7092
71.3595
20.9306
25.9806
33.1942
-38.8626
41.9211
-60.5751
60.6343
-60.4443
49.3494
-82.3124
17.3302
-64.8199
19.0356
2.31091
14.7437
43.5011
-33.6188
28.1655
-73.6432
28.2752
-55.5199
47.5539
-39.6883
44.1499
-47.8687
20.7715
-32.6767
11.84
18.7575
-11.0369
43.8913
-48.33
43.225
-59.2684
45.0847
-36.1507
46.5198
-27.4756
26.4136
-20.0702
18.2484
14.4416
15.0832
43.5453
-14.1558
22.1672
-58.6216
0.339163
-55.9466
21.6451
-31.6849
50.2075
-31.0528
44.4328
-35.3123
32.0237
8.11302
17.433
51.3562
-24.0032
53.6016
-71.6812
39.4085
-76.3941
45.7115
-57.8101
34.4198
-43.4039
8.12692
-7.37331
-10.3877
49.7731
-27.5024
63.4289
-68.3345
35.4111
-74.9188
35.0342
-35.7647
54.0107
-10.4068
28.766
-21.5119
-16.3868
8.40451
-29.2145
61.2165
-43.3051
63.1334
-76.9734
24.8589
-70.2872
25.8731
-19.1916
29.6974
5.37196
0.48443
13.5727
-24.3581
48.5067
-21.2167
61.1961
-45.6328
17.0331
-61.9051
3.48769
-22.6924
43.9819
16.2618
48.3657
-6.624
5.60534
-1.12804
-3.43406
56.4492
-9.68678
69.8077
-63.8402
20.7667
-93.9496
18.2929
-47.2198
39.2999
-13.3637
6.97864
-9.38089
-40.0487
33.1593
-39.897
79.2175
-58.1656
44.6613
-87.6418
10.1841
-50.3731
37.5404
14.263
37.215
5.94002
-28.3652
3.51008
-46.9304
69.6128
-28.3948
97.1388
-57.5796
33.5293
-80.9277
8.62147
-14.0842
32.696
38.7926
0.425602
24.6166
-60.0484
33.5815
-53.127
71.7584
-43.9493
31.3121
-67.0781
-20.5583
-33.0859
11.7507
42.4216
43.2594
34.0456
-8.31337
0.828733
-28.9565
48.9643
-4.12782
83.2826
-37.461
18.948
-92.4275
-13.1953
-43.3806
30.3522
20.4462
18.7012
12.143
-48.6704
20.6057
-52.906
82.6822
-38.8492
65.4668
-72.71
0.0786485
-59.2068
7.05907
20.3576
30.1746
31.1274
-35.7103
-3.9444
-76.2454
44.8227
-41.3823
98.6142
-42.984
40.8842
-81.7945
-12.584
-20.8253
22.2303
65.8291
14.4754
58.1334
-62.0349
34.7236
-74.1848
75.6431
-37.0974
57.1739
-48.5912
-20.1752
-33.0943
-22.3809
50.9347
23.8422
71.9813
-13.564
16.3486
-51.2607
31.3736
-16.967
75.5955
-15.5348
21.1259
-75.1283
-42.741
-47.2985
-2.91065
33.7464
15.9679
34.3438
-48.7011
8.67188
-72.2884
59.5466
-34.568
73.3449
-44.4243
6.6696
-46.3733
-14.3558
26.1173
20.9741
64.8616
-17.6496
20.3105
-73.231
31.3269
-49.1611
85.4904
-27.6685
48.8692
-65.6735
-27.774
-34.2076
-10.7093
60.1015
5.73045
74.9907
-59.143
33.0196
-95.98
54.621
-49.3448
63.9366
-29.2746
-5.4791
-18.0462
-42.8689
51.6068
-4.97908
98.6998
-12.5142
48.9633
-52.7262
25.7277
-30.2151
55.5321
-1.31273
25.6445
-37.1059
-48.4712
-32.5363
-32.914
41.6245
6.21749
59.8989
-31.9613
16.2576
-75.6347
27.6877
-44.9032
53.6228
-27.8949
5.81602
-31.0377
-39.8538
13.3819
-18.2525
65.1387
-18.5874
39.8788
-59.1838
23.956
-51.1347
59.1146
-16.4668
53.5943
-26.598
-14.2136
-17.2033
-25.2066
55.9078
-3.13016
88.2975
-38.9123
47.4468
-91.7961
33.0331
-66.6022
47.9172
-22.1928
7.1014
3.46683
-47.6967
48.4084
-41.7047
98.8962
-24.897
75.246
-44.7298
29.5012
-41.1759
21.6809
-10.6309
7.39644
-8.96402
-49.4957
-10.1617
-60.2077
38.2603
-21.3206
69.1156
-16.1866
38.5767
-51.3376
14.6569
-41.7919
31.3382
-6.48899
15.115
10.1535
-32.8879
24.4337
-47.1187
55.6264
-31.0626
50.5566
-40.7397
21.5676
-48.3981
16.2
-28.9219
21.7615
-7.8982
-10.5697
3.41358
-36.1914
43.2979
-25.8529
77.7596
-25.432
61.8343
-63.3636
24.3521
-69.8806
22.1871
-22.8786
13.2656
29.934
-29.2656
60.0085
-61.1411
88.5721
-42.6333
91.6608
-26.0821
51.8718
-27.3523
3.71597
-18.8229
-18.7365
10.5341
-43.9073
24.5449
-68.6456
37.9008
-57.5341
52.5832
-26.1111
42.8251
-30.5634
0.158528
-43.8343
-13.0182
-12.1463
-3.63148
36.8307
-21.0479
48.1432
-59.0171
47.0988
-46.0217
56.2732
-12.8408
40.7605
-12.5807
-0.0164027
-24.2369
-12.9567
6.81291
-7.83814
36.1734
-28.3308
42.6497
-45.5393
49.7056
-29.5561
57.0577
-30.849
20.5585
-58.7789
-10.1386
-34.7815
-2.88724
39.2035
-10.2446
74.6634
-63.8385
68.978
-70.029
78.4678
-23.1581
64.4782
-6.84366
-4.00584
-24.5633
-52.179
11.7285
-44.1594
61.407
-51.1757
61.3324
-67.0415
44.5889
-33.3785
48.3851
3.79144
10.9688
-17.5922
-39.8827
-16.2436
-35.5399
43.9273
-18.765
68.0239
-62.9981
31.781
-76.192
30.4119
-14.6879
39.3882
18.192
-9.90729
-13.2836
-52.9077
6.81585
-21.2149
63.598
-9.4676
60.3989
-44.0143
27.3809
-37.0727
38.2287
0.705618
23.5588
-23.4407
-27.0949
-34.5894
-25.0041
38.1007
6.66404
94.5644
-37.4385
65.3494
-77.9446
56.6936
-25.9951
65.4675
16.8432
0.0642479
-19.2
-83.4592
-8.11156
-69.08
65.7479
-44.9863
74.3271
-72.2779
26.5396
-57.4122
26.285
15.8629
16.9631
19.1179
-45.3743
-3.96667
-58.5498
47.5403
-14.1041
95.4792
-36.5485
44.6122
-78.1194
11.8862
-20.1462
29.7469
45.0149
-8.74481
11.9462
-81.0837
0.733409
-52.1732
67.9943
-2.66554
76.6015
-31.1591
12.2599
-46.8561
1.10499
11.2014
11.1119
13.5834
-37.3968
-24.2018
-52.63
19.9743
0.120036
92.972
-8.63751
65.7767
-66.764
32.7294
-30.6353
51.7911
37.7982
15.6274
12.2699
-80.5719
-8.48083
-80.8613
64.9457
-30.7106
93.4885
-49.9229
27.4653
-67.1641
-4.15183
5.92648
2.0944
40.3734
-50.901
6.6832
-85.2358
28.3711
-36.7317
89.6076
-20.8482
54.9549
-65.7049
-1.58343
-28.1728
8.59263
56.8071
-5.76827
48.2323
-82.2939
10.7035
-75.5092
62.6632
-4.16661
88.9217
-5.42327
17.8567
-37.196
-28.6521
13.8894
-10.4541
48.8996
-35.2489
9.6813
-60.3548
11.7879
-13.3473
74.538
12.7216
63.0583
-40.7851
9.8985
-37.6731
12.1748
28.2535
2.38985
27.926
-76.5566
-10.0826
-94.8812
41.7344
-32.6863
92.0532
-20.3488
42.581
-47.4244
-15.4868
2.80604
-11.154
61.4373
-38.1762
40.3035
-78.7298
26.5747
-52.2146
69.101
-13.4292
58.2645
-40.8018
-5.00578
-30.2211
-20.3735
44.5016
-21.5373
67.8263
-75.0686
27.6807
-88.5299
47.1961
-21.6735
77.9172
8.59779
24.3991
-18.0212
-49.4788
6.9184
-48.6491
59.003
-44.1082
44.7502
-54.2153
19.8482
-21.4517
50.5615
27.0619
60.2015
7.0186
13.9936
-10.4478
-9.16052
25.7336
-14.0614
42.2999
-59.314
5.45485
-88.9856
16.7009
-45.2121
59.155
-11.5764
38.5194
-27.1059
-27.8706
-9.70243
-44.3225
50.2243
-44.7733
60.8236
-61.3365
